start=1233.375000
volume=80.000000
